tensor([[[[1.9077e-01, 2.7877e-01, 2.4476e-01, 1.4015e-01, 5.3421e-02, 1.2200e-02, 1.3484e-03, 1.2672e-03, 1.1455e-02, 5.0992e-02, 1.3610e-01, 2.4067e-01, 2.7626e-01, 1.8997e-01],
          [2.7894e-01, 3.9600e-01, 3.3362e-01, 1.8060e-01, 6.4971e-02, 1.4153e-02, 1.5103e-03, 1.4130e-03, 1.3247e-02, 6.1969e-02, 1.7552e-01, 3.2842e-01, 3.9277e-01, 2.7789e-01],
          [2.4535e-01, 3.3417e-01, 2.6414e-01, 1.3001e-01, 4.1968e-02, 8.2860e-03, 8.1402e-04, 7.5269e-04, 7.7007e-03, 3.9969e-02, 1.2654e-01, 2.6052e-01, 3.3185e-01, 2.4457e-01],
          [1.4106e-01, 1.8158e-01, 1.3045e-01, 5.4438e-02, 1.4088e-02, 2.2036e-03, 1.7334e-04, 1.5545e-04, 2.0217e-03, 1.3428e-02, 5.3239e-02, 1.2915e-01, 1.8072e-01, 1.4076e-01],
          [5.4260e-02, 6.5883e-02, 4.2419e-02, 1.4161e-02, 2.5498e-03, 2.5059e-04, 1.1407e-05, 9.6095e-06, 2.2917e-04, 2.4631e-03, 1.3992e-02, 4.2226e-02, 6.5747e-02, 5.4209e-02],
          [1.2649e-02, 1.4640e-02, 8.5272e-03, 2.2432e-03, 2.5163e-04,
           1.1721e-05, 1.7139e-07, 1.4192e-07, 1.1198e-05, 2.4907e-04,
           2.2376e-03, 8.5203e-03, 1.4635e-02, 1.2646e-02],
          [1.4701e-03, 1.6425e-03, 8.7948e-04, 1.8411e-04, 1.1696e-05,
           1.7150e-07, 2.6798e-10, 2.6322e-10, 1.7124e-07, 1.1651e-05,
           1.8296e-04, 8.7306e-04, 1.6299e-03, 1.4586e-03],
          [1.4701e-03, 1.6425e-03, 8.7948e-04, 1.8411e-04, 1.1696e-05,
           1.7150e-07, 2.6798e-10, 1.5575e-10, 1.2467e-07, 9.3631e-06,
           1.5326e-04, 7.4218e-04, 1.3926e-03, 1.2487e-03],
          [1.2649e-02, 1.4640e-02, 8.5272e-03, 2.2432e-03, 2.5163e-04,
           1.1721e-05, 1.7136e-07, 1.2239e-07, 9.3451e-06, 2.1280e-04,
           1.9601e-03, 7.5607e-03, 1.3055e-02, 1.1308e-02],
          [5.4261e-02, 6.5883e-02, 4.2421e-02, 1.4163e-02, 2.5518e-03,
           2.5163e-04, 1.1623e-05, 8.4768e-06, 2.0686e-04, 2.2307e-03,
           1.2794e-02, 3.8950e-02, 6.0924e-02, 5.0353e-02],
          [1.4107e-01, 1.8160e-01, 1.3050e-01, 5.4520e-02, 1.4163e-02,
           2.2432e-03, 1.8210e-04, 1.3428e-04, 1.8498e-03, 1.2542e-02,
           5.0175e-02, 1.2251e-01, 1.7206e-01, 1.3430e-01],
          [2.4537e-01, 3.3428e-01, 2.6447e-01, 1.3050e-01, 4.2421e-02,
           8.5271e-03, 8.6817e-04, 6.4423e-04, 7.0269e-03, 3.7695e-02,
           1.2113e-01, 2.5140e-01, 3.2165e-01, 2.3762e-01],
          [2.7897e-01, 3.9623e-01, 3.3428e-01, 1.8160e-01, 6.5883e-02,
           1.4640e-02, 1.6202e-03, 1.2054e-03, 1.2059e-02, 5.8595e-02,
           1.6914e-01, 3.1981e-01, 3.8466e-01, 2.7299e-01],
          [1.9079e-01, 2.7897e-01, 2.4537e-01, 1.4107e-01, 5.4261e-02,
           1.2648e-02, 1.4497e-03, 1.0796e-03, 1.0416e-02, 4.8275e-02,
           1.3161e-01, 2.3556e-01, 2.7222e-01, 1.8788e-01]]]], device='cuda:0')